==== 传统机器学习基线测试 (TF-IDF + ML) 结果 ====
训练集大小: 8208 | 测试集大小: 1026

TF-IDF 提取完成，耗时: 111.49 秒。特征维度: 2000

==================================================
模型名称: Logistic Regression (逻辑回归)
训练耗时: 112.33 秒
准确率 (Accuracy): 0.9620
分类报告:
              precision    recall  f1-score   support

           0     0.8488    0.9669    0.9040       151
           1     0.9878    0.9798    0.9837       247
           2     1.0000    1.0000    1.0000       293
           3     0.9574    1.0000    0.9783        45
           4     0.0000    0.0000    0.0000         4
           5     0.9231    0.8000    0.8571        30
           6     0.9737    0.9737    0.9737        38
           7     0.9717    0.8803    0.9238       117
           8     0.9798    0.9604    0.9700       101

    accuracy                         0.9620      1026
   macro avg     0.8491    0.8401    0.8434      1026
weighted avg     0.9606    0.9620    0.9603      1026

==================================================
模型名称: Naive Bayes (朴素贝叶斯)
训练耗时: 0.08 秒
准确率 (Accuracy): 0.8684
分类报告:
              precision    recall  f1-score   support

           0     0.6550    0.9934    0.7895       151
           1     0.9526    0.9757    0.9640       247
           2     0.8799    1.0000    0.9361       293
           3     0.9302    0.8889    0.9091        45
           4     0.0000    0.0000    0.0000         4
           5     0.0000    0.0000    0.0000        30
           6     0.0000    0.0000    0.0000        38
           7     1.0000    0.8291    0.9065       117
           8     0.9859    0.6931    0.8140       101

    accuracy                         0.8684      1026
   macro avg     0.6004    0.5978    0.5910      1026
weighted avg     0.8289    0.8684    0.8390      1026

==================================================
模型名称: Decision Tree (决策树)
训练耗时: 2.67 秒
准确率 (Accuracy): 0.9912
分类报告:
              precision    recall  f1-score   support

           0     0.9934    0.9934    0.9934       151
           1     0.9919    0.9960    0.9939       247
           2     1.0000    1.0000    1.0000       293
           3     1.0000    0.9556    0.9773        45
           4     0.6000    0.7500    0.6667         4
           5     0.9375    1.0000    0.9677        30
           6     1.0000    1.0000    1.0000        38
           7     0.9828    0.9744    0.9785       117
           8     1.0000    0.9901    0.9950       101

    accuracy                         0.9912      1026
   macro avg     0.9451    0.9621    0.9525      1026
weighted avg     0.9917    0.9912    0.9914      1026

